local library = loadstring(game:HttpGet("https://raw.githubusercontent.com/iblameaabis/Ililililililililililililil/refs/heads/main/W%20UI", true))()

local window = library:AddWindow("Enchanted Hub | Ninja", {
    main_color = Color3.fromRGB(1, 2, 3),
    min_size = Vector2.new(655, 650),
    can_resize = false,
})
local Main = window:AddTab("Main")
local folder1 = Main:AddFolder("Time Of Day")

folder1:AddButton("Day Time", function()
    game.Lighting.TimeOfDay = "12:00:00"
end)

folder1:AddButton("Night Time", function()
    game.Lighting.TimeOfDay = "00:00:00"
end)

folder1:AddButton("Dawn", function()
    game.Lighting.TimeOfDay = "09:00:00"
end)

local folder2 = Main:AddFolder("Performance")

folder2:AddButton("Less Lag", function()
    for _, v in pairs(game:GetDescendants()) do
        if v:IsA("ParticleEmitter") or v:IsA("Trail") or v:IsA("Smoke") or v:IsA("Fire") or v:IsA("Sparkles") then
            v.Enabled = false
        end
    end
    local lighting = game:GetService("Lighting")
    lighting.GlobalShadows = false
    lighting.FogEnd = 9e9
    for _, v in pairs(workspace:GetDescendants()) do
        if v:IsA("BasePart") and not v.Parent:FindFirstChild("Humanoid") then
            v.Material = Enum.Material.SmoothPlastic
            if v:IsA("Texture") then
                v:Destroy()
            end
        end
    end
    settings().Rendering.QualityLevel = 1
end)

folder2:AddButton("FPS", function()
    RemoveLag()
    if cleanupLoop then
        task.cancel(cleanupLoop)
        cleanupLoop = nil
    end
    cleanupLoop = task.spawn(function()
        while true do
            wait(50)
            RemoveLag()
        end
    end)
end)

folder2:AddSwitch("Hide Frames", function(Value)
    hideframes = Value
    if hideframes then
        local rSto = game:GetService("ReplicatedStorage")
        for _, obj in pairs(rSto:GetChildren()) do
            if obj.Name:match("Frame$") then
                obj.Visible = not Value
            end
        end
    end
    if hideallframes then
        task.cancel(hideallframes)
    end
end)

local AutoFarm = window:AddTab("Auto Farm")
local folder3 = AutoFarm:AddFolder("Auto Farm")

folder3:AddSwitch("Auto Swing", function(state)
    _G.swing = state
    if _G.swing then
        spawn(function()
            while _G.swing do
                wait()
                local args = { [1] = "swingKatana" }
                game:GetService("Players").LocalPlayer.ninjaEvent:FireServer(unpack(args))
            end
        end)
    end
end)

folder3:AddSwitch("Auto Farm Chi", function(state)  
    _G.c = state
    if _G.c then
        spawn(function()
            while _G.c do
                wait()
                for _, v in pairs(game.Workspace.spawnedCoins.Valley:GetChildren()) do
                    if v.Name == "Blue Chi Crate" then
                        game.Players.LocalPlayer.Character.HumanoidRootPart.CFrame = CFrame.new(v.Position)
                        wait(0.3)
                    end
                end
            end
        end)
    end
end)

folder3:AddSwitch("Auto Farm Coins", function(state)  
    _G.co = state
    if _G.co then
        spawn(function()
            while _G.co do
                wait()
                for _, v in pairs(game.Workspace.spawnedCoins.Valley:GetChildren()) do
                    if v.Name == "Purple Coin Crate" then
                        game.Players.LocalPlayer.Character.HumanoidRootPart.CFrame = CFrame.new(v.Position)
                        wait(0.3)
                    end
                end
            end
        end)
    end
end)    

folder3:AddSwitch("Auto Buy Hoops", function(state)
    _G.hoops = state
    if _G.hoops then
        spawn(function()
            while _G.hoops do
                wait()
                local plr = game.Players.LocalPlayer
                for _, v in pairs(workspace.Hoops:GetDescendants()) do
                    if v.ClassName == "MeshPart" and v:FindFirstChild("touchPart") then
                        v.touchPart.CFrame = plr.Character.HumanoidRootPart.CFrame
                    end
                end
            end
        end)
    end
end)    

folder3:AddSwitch("Auto Sell", function(state)
    _G.sell = state
    if _G.sell then
        spawn(function()
            while _G.sell do
                wait()
                local player = game.Players.LocalPlayer
                local sellCircle = game.workspace.sellAreaCircles["sellAreaCircle15"]
                if sellCircle and sellCircle:FindFirstChild("circleInner") then
                    sellCircle.circleInner.CFrame = player.Character.HumanoidRootPart.CFrame
                end
                wait()
                if sellCircle and sellCircle:FindFirstChild("circleInner") then
                    sellCircle.circleInner.CFrame = game.Workspace.Part.CFrame
                end
            end
        end)
    end
end)

folder3:AddSwitch("Auto Sell When Full", function(state)
    _G.sell = state
    if _G.sell then
        spawn(function()
            while _G.sell do
                wait()
                if game.Players.LocalPlayer.PlayerGui.gameGui.maxNinjitsuMenu.Visible then
                    local sellCircle = game.workspace.sellAreaCircles["sellAreaCircle15"]
                    if sellCircle and sellCircle:FindFirstChild("circleInner") then
                        sellCircle.circleInner.CFrame = game.Players.LocalPlayer.Character.HumanoidRootPart.CFrame
                    end
                    wait()
                    if sellCircle and sellCircle:FindFirstChild("circleInner") then
                        sellCircle.circleInner.CFrame = game.Workspace.Part.CFrame
                    end
                end
            end
        end)
    end
end)

local folder4 = AutoFarm:AddFolder("Auto Buy") 

folder4:AddSwitch("Auto Buy Swords", function(state)
    _G.sw = state
    if _G.sw then
        spawn(function()
            while _G.sw do
                wait()
                local args = {
                    [1] = "buyAllSwords",
                    [2] = "Blazing Vortex Island"
                }
                game:GetService("Players").LocalPlayer.ninjaEvent:FireServer(unpack(args))
            end
        end)
    end
end)

folder4:AddSwitch("Auto Buy Belts", function(state)
    _G.sw = state
    if _G.sw then
        spawn(function()
            while _G.sw do
                wait()
                local args = {
                    [1] = "buyAllBelts",
                    [2] = "Blazing Vortex Island"
                }
                game:GetService("Players").LocalPlayer.ninjaEvent:FireServer(unpack(args))
            end
        end)
    end
end)

folder4:AddSwitch("Auto Buy Skills", function(state)  
    _G.sk = state
    if _G.sk then
        spawn(function()
            while _G.sk do
                wait()
                local args = {
                    [1] = "buyAllSkills",
                    [2] = "Blazing Vortex Island"
                }
                game:GetService("Players").LocalPlayer.ninjaEvent:FireServer(unpack(args))
            end
        end)
    end
end)

folder4:AddSwitch("Auto Buy Ranks", function(state) 
    _G.r = state
    if _G.r then
        spawn(function()
            while _G.r do
                wait()
                local oh1 = "buyRank"
                local oh2 = game:GetService("ReplicatedStorage").Ranks.Ground:GetChildren()
                for i = 1, #oh2 do
                    game:GetService("Players").LocalPlayer.ninjaEvent:FireServer(oh1, oh2[i].Name)
                end
            end
        end)
    end
end)

folder4:AddSwitch("Auto Buy Shurikens", function(state)
    _G.sh = state
    if _G.sh then
        spawn(function()
            while _G.sh do
                wait()
                local args = {
                    [1] = "buyAllShurikens",
                    [2] = "Blazing Vortex Island"
                }
                game:GetService("Players").LocalPlayer.ninjaEvent:FireServer(unpack(args))
            end
        end)
    end
end)

folder10:AddSwitch("Blaze Sell", function(Value)
    blazesell = Value
    if blazesell then
        selling = true
        loopConnection = coroutine.create(function()
            local function Blazesell()
                game.Players.LocalPlayer.Character.HumanoidRootPart.CFrame = CFrame.new(83.8706284, 91245.5547, 120.034172, 0.239420652, -3.3713512e-08, -0.970915914, 2.72370784e-08, 1, -2.80069496e-08, 0.970915914, -1.97394705e-08, 0.239420652)
            end

            local function Respawn()
                game.Players.LocalPlayer.Character.HumanoidRootPart.CFrame = CFrame.new(140.391495, 91245.8594, 68.4599762, -0.519667923, -1.53411737e-08, 0.854368329, -3.85448793e-08, 1, -5.48869172e-09, -0.854368329, -3.57838204e-08, -0.519667923)
            end

            while selling do
                Blazesell()
                wait(3)
                Respawn()
            end
        end)
        coroutine.resume(loopConnection)
    else
        selling = false
    end
end)

local Misc = window:AddTab("Misc") 
local folder5 = Misc:AddFolder("Settings V2")  

folder5:AddButton("Disable Trading", function()
 local args = { [1] = "disableTrading" }
    game:GetService("ReplicatedStorage").rEvents.tradingEvent:FireServer(unpack(args))
end)

folder5:AddButton("Enable Trading", function()
local args = { [1] = "enableTrading" }
    game:GetService("ReplicatedStorage").rEvents.tradingEvent:FireServer(unpack(args))
end)

local Pets = window:AddTab("Pets")
local folder6 = Pets:AddFolder("Auto Equip")

local petTypes = {
    ["Twin Element Birdies"] = "Equip all TEB",
    ["Ultra Doom Colossus"] = "Equip all UDC",
    ["Inner Peace Legion"] = "Equip all IPL",
    ["GLITCH: Awakened Nighthunter"] = "Equip all GAN",
    ["Void Omega Pegasus"] = "Equip all VOP"
}

for petName, buttonTitle in pairs(petTypes) do
folder6:AddButton(buttonTitle, function()
    unequipAllPets()
    for _, pet in pairs(game:GetService("Players").LocalPlayer.petsFolder.Unique:GetChildren()) do
        if pet.Name == petName then
            game:GetService("ReplicatedStorage").rEvents.equipPetEvent:fireServer("equipPet", pet)
        end
    end
end)
end

folder6:AddSwitch("Auto Evolve Pets", function(Value)
    autoevolvepets = Value
    if autoevolvepets then
        _G.ePet = true
        wait()
        spawn(function()
            while _G.ePet do
                wait()
                for _, v in pairs(game:GetService("Players").LocalPlayer.petsFolder:GetChildren()) do
                    for _, x in pairs(v:GetChildren()) do
                        local oh1 = "evolvePet"
                        local oh2 = x.Name
                        game:GetService("ReplicatedStorage").rEvents.petEvolveEvent:FireServer(oh1, oh2)
                    end
                end
            end
        end)
    end
end)

local Elements = window:AddTab("Elements")
local folder7 = Elements:AddFolder("Buy elements")

local elementTypes = {
    ["Frost"] = "Buy Frost",
    ["Inferno"] = "Buy Inferno",
    ["Lightning"] = "Buy Lightning",
    ["Electral Chaos"] = "Buy Electral Chaos",
    ["Masterful Wrath"] = "Buy Masterful Wrath",
    ["Shadow Charge"] = "Buy Shadow Charge",
    ["Shadowfire"] = "Buy Shadowfire",
    ["Eternity Storm"] = "Buy Eternity Storm",
    ["Blazing Entity"] = "Buy Blazing Entity"
}

for elementName, buttonTitle in pairs(elementTypes) do
    folder7:AddButton(buttonTitle, function()
        for _, element in ipairs(elements) do
            game.ReplicatedStorage.rEvents.elementMasteryEvent:FireServer(element)
        end
    end)
end

local MiscV3 = window:AddTab("Misc V3")
local folder8 = MiscV3:AddFolder("Misc V3")

folder8:AddSwitch("Invisibility", function(state)
    invisibility = state
    if invisibility then
        _G.invis = true
        spawn(function()
            while _G.invis do
                wait()
                game.Players.LocalPlayer.ninjaEvent:FireServer("goInvisible")
            end
        end)
    else
        task.cancel(_G.invis)
    end
end)

folder8:AddSwitch("Infinite Jump", function(state)
    infinitejump = state
    if infinitejump then
        _G.iJumps = true
        local InfiniteJumpEnabled = true
        game:GetService("UserInputService").JumpRequest:Connect(function()
            if InfiniteJumpEnabled then
                local humanoid = game:GetService("Players").LocalPlayer.Character:FindFirstChildOfClass'Humanoid'
                if humanoid then
                    humanoid:ChangeState("Jumping")
                end
            end
        end)
    else
        task.cancel(_G.iJumps)
    end
end)

folder8:AddButton("Rejoin", function()
    local ts = game:GetService("TeleportService")
    local p = game:GetService("Players").LocalPlayer
    ts:Teleport(game.PlaceId, p)
end)

folder8:AddButton("Unlock All Islands", function()
    local player = game.Players.LocalPlayer
    local positions = {
        CFrame.new(80, 766, -188),
        CFrame.new(-128, 39439, 173),
        CFrame.new(183, 46010, 36),
        CFrame.new(188, 59594, 24),
        CFrame.new(166, 52607, 34),
        CFrame.new(180, 33206, 28),
        CFrame.new(80, 766, -118),
        CFrame.new(233, 2013, 331),
        CFrame.new(165, 4047, 51),
        CFrame.new(186, 5656, 76),
        CFrame.new(189, 9284, 31),
        CFrame.new(135, 17686, 61),
        CFrame.new(171, 28255, 39),
        CFrame.new(139, 13680, 74),
        CFrame.new(108, 24069, 84),
        CFrame.new(175, 39317, 25),
        CFrame.new(226, 66669, 15),
        CFrame.new(197, 70271, 7),
        CFrame.new(140.093933, 74479.0938, 66.5151367, 0.939700544, 0, -0.341998369, 0, -1.00000048, -0, -0.341998369, 0, -0.939700961),
        CFrame.new(140.093933, 87087.3125, 66.5151367, 0.939700544, 0, -0.341998369, 0, -1.00000048, -0, -0.341998369, 0, -0.939700961),
        CFrame.new(140.093933, 83235.2266, 66.5151367, 0.939700544, 0, -0.341998369, 0, -1.00000048, -0, -0.341998369, 0, -0.939700961),
        CFrame.new(140.093933, 91282.3125, 66.5151367, 0.939700544, 0, -0.341998369, 0, -1.00000048, -0, -0.341998369, 0, -0.939700961),
    }
    for _, cframe in ipairs(positions) do
        if player.Character and player.Character:FindFirstChild("HumanoidRootPart") then
            player.Character.HumanoidRootPart.CFrame = cframe
            wait(0.1)
        end
    end
end)

folder8:AddSwitch("Auto Train All Zones", function(state)
  trainallzone = state
  if trainallzone then
    spawn(function()
        local function MMWT()
            if game.Players.LocalPlayer.Character and game.Players.LocalPlayer.Character:FindFirstChild("HumanoidRootPart") then
                game.Players.LocalPlayer.Character.HumanoidRootPart.CFrame = CFrame.new(322.912567, 8830.49023, 87.7899475, -0.44533211, -1.57474229e-08, 0.895365477, 5.90717919e-09, 1, 2.05257855e-08, -0.895365477, 1.4429876e-08, -0.44533211)
            end
        end
        local function LP()
            if game.Players.LocalPlayer.Character and game.Players.LocalPlayer.Character:FindFirstChild("HumanoidRootPart") then
                game.Players.LocalPlayer.Character.HumanoidRootPart.CFrame = CFrame.new(-113.318001, 12958.5, 293.145996, 0.778010249, -8.46390602e-09, -0.628251612, -6.35732467e-10, 1, -1.42594345e-08, 0.628251612, 1.14933858e-08, 0.778010249)
            end
        end
        local function T()
            if game.Players.LocalPlayer.Character and game.Players.LocalPlayer.Character:FindFirstChild("HumanoidRootPart") then
                game.Players.LocalPlayer.Character.HumanoidRootPart.CFrame = CFrame.new(318.627594, 16872.0977, -8.53180027, -0.756375313, 6.09071265e-08, 0.654137909, 9.49819512e-09, 1, -8.21278263e-08, -0.654137909, -5.59063302e-08, -0.756375313)
            end
        end
        local function ET()
            if game.Players.LocalPlayer.Character and game.Players.LocalPlayer.Character:FindFirstChild("HumanoidRootPart") then
                game.Players.LocalPlayer.Character.HumanoidRootPart.CFrame = CFrame.new(330.810181, 30383.0996, -16.7225971, -0.478063285, -6.45304565e-09, 0.878325403, 4.87447593e-08, 1, 3.38782478e-08, -0.878325403, 5.90097073e-08, -0.478063285)
            end
        end
        while true do
            MMWT()
            wait(3)
            LP()
            wait(3)
            T()
            wait(3)
            ET()
        end
    end)
  end
end)

else
    trainallzone = false
end
end)

local folder9 = MiscV3:AddFolder("Blaze Sell")

folder9:AddSwitch("Auto Blaze Sell", function(Value)
    ABS = Value
    if ABS then
        spawn(function()
            local function BVS()
                if game.Players.LocalPlayer.Character and game.Players.LocalPlayer.Character:FindFirstChild("HumanoidRootPart") then
                    game.Players.LocalPlayer.Character.HumanoidRootPart.CFrame = CFrame.new(85.2215424, 91245.5469, 120.192863, 0.517608643, -3.23137392e-08, -0.855617464, 3.34196812e-08, 1, -1.75492261e-08, 0.855617464, -1.95108321e-08, 0.517608643)
                end
            end
            local function R()
                if game.Players.LocalPlayer.Character and game.Players.LocalPlayer.Character:FindFirstChild("HumanoidRootPart") then
                    game.Players.LocalPlayer.Character.HumanoidRootPart.CFrame = CFrame.new(-15.4311571, 63.4752312, 32.3788757, -0.312022954, 4.93972934e-08, -0.950074553, 7.51569189e-08, 1, 2.7310076e-08, 0.950074553, -6.28833021e-08, -0.312022954)
                end
            end
            while true do
                BVS()
                wait(1)
                R()
            end
        end)
    else
        ABS = false
    end
end)
